function H = htx(t, x)

a = [-2024.33 163.309 -4.88161 6.302948*10^-2 -2.913705*10^-4];
b = [18.2829 -1.1691757 3.248041*10^-2 -4.034184*10^-4 1.8520569*10^-6];
c = [-3.7008214*10^-2 2.8877666*10^-3 -8.1313015*10^-5 9.9116628*10^-7 -4.4441207*10^-9];


H = a(1) + a(2)*x + a(3)*x^2 + a(4)*x^3 + a(5)*x^4 + t*(b(1) + b(2)*x + b(3)*x^2 + b(4)*x^3 + b(5)*x^4) + t^2*(c(1) + c(2)*x + c(3)*x^2 + c(4)*x^3 + c(5)*x^4);

end